0.989834 -0.379917 1.70567
0.989834 -0.379917 1.70567
1.34348 -0.380765 1.72763
1.34348 -0.380765 1.72763
0.300745 -0.27653 1.40519
0.300745 -0.27653 1.40519
0.318271 -0.294742 1.58034
0.318271 -0.294742 1.58034
0.289061 -0.274698 1.51075
0.289061 -0.274698 1.51075
0.2653 -0.273061 1.51707
0.2653 -0.273061 1.51707
0.868533 -0.276164 1.48593
0.868533 -0.276164 1.48593
0.169509 -0.257186 1.49027
0.169509 -0.257186 1.49027
0.598854 -0.2324 1.40879
0.598854 -0.2324 1.40879
0.902572 -0.233215 1.39477
0.902572 -0.233215 1.39477
0.778227 -0.221138 1.38953
0.778227 -0.221138 1.38953
0.774563 -0.172274 1.29393
0.774563 -0.172274 1.29393
0.9253 -0.419657 1.82722
0.9253 -0.419657 1.82722
1.36722 -0.406988 1.77519
1.36722 -0.406988 1.77519
1.36722 -0.406988 1.77519
1.34587 -0.398598 1.72313
1.34587 -0.398598 1.72313
1.34587 -0.398598 1.72313
1.35769 -0.407455 1.7613
1.35769 -0.407455 1.7613
1.35769 -0.407455 1.7613
0.656903 -0.392724 1.76077
0.656903 -0.392724 1.76077
1.43551 -0.411566 1.77251
1.43551 -0.411566 1.77251
0.942567 -0.371815 1.71303
0.942567 -0.371815 1.71303
1.0094 -0.377249 1.73747
1.0094 -0.377249 1.73747
1.01169 -0.369557 1.71093
1.01169 -0.369557 1.71093
0.740416 -0.353172 1.67924
0.740416 -0.353172 1.67924
0.61817 -0.324479 1.53726
0.61817 -0.324479 1.53726
1.01028 -0.37231 1.79213
1.01028 -0.37231 1.79213
-0.665541 -0.380319 1.87576
-0.665541 -0.380319 1.87576
0.841411 -0.339199 1.61442
0.841411 -0.339199 1.61442
0.841411 -0.339199 1.61442
0.718849 -0.353034 1.70377
0.718849 -0.353034 1.70377
0.611889 -0.193607 1.30464
0.611889 -0.193607 1.30464
0.329643 -0.340721 1.67912
0.329643 -0.340721 1.67912
0.31995 -0.340932 1.68085
0.31995 -0.340932 1.68085